482.63135	4691.8398
483.38141	4644.9199
484.13141	4643.3599
484.88129	4627.96
485.63113	4626.2002
486.38092	4641
487.13061	4627.2402
487.88025	4624.56
488.62979	4640.1201
489.37936	4627.2798
490.12881	4615.04
490.87817	4622.1201
491.62747	4622.4399
492.37674	4623.2798
493.12585	4616.6401
493.87503	4610.3599
494.62408	4605.1601
495.37302	4608.3198
496.12192	4590.04
496.87079	4589.48
497.61957	4597.8799
498.36825	4602.8799
499.11685	4589.8799
499.86548	4597.8398
500.61401	4579.4399
501.3624	4579
502.11081	4575.4399
502.85913	4580.2002
503.60733	4581.6802
504.35556	4567.8291
505.10367	4587.7202
505.85165	4584.9199
506.59967	4576.2402
507.34753	4585.8799
508.0954	4569.7598
508.84317	4565.7598
509.59082	4562.3198
510.33853	4579.2002
511.08609	4567.6802
511.83359	4560.52
512.58099	4583.7598
513.32843	4569.7998
514.07568	4555.04
514.823	4560.04
515.57007	4555.8799
516.31726	4545.1601
517.06427	4536.0801
517.81122	4527.2402
518.5581	4535.1201
519.30499	4541.6802
520.0517	4525.6001
520.79846	4524.6802
521.54517	4526.3198
522.29162	4508.3999
523.03821	4516.8398
523.78461	4520.8398
524.53094	4529.2402
525.27734	4518.7202
526.0235	4505.96
526.76971	4507.04
527.51587	4511.3999
528.26184	4517.7598
529.00781	4506.6802
529.75378	4494.96
530.49957	4502
531.24536	4514.6401
531.99109	4501.2402
532.73669	4486.96
533.48224	4497.7202
534.22772	4506.3198
534.9732	4483.7998
535.71863	4477.3599
536.46387	4472.56
537.20911	4495.3599
537.95434	4475.3599
538.6994	4465.56
539.44446	4486.2002
540.18945	4481.4399
540.93433	4488.56
541.6792	4485.04
542.42395	4481.0801
543.16864	4467.8398
543.91333	4468.7998
544.6579	4490.3198
545.4024	4499.2402
546.14685	4479.3999
546.89123	4469.7598
547.63556	4472.2798
548.37982	4476.48
549.12396	4489.1601
549.8681	4486.7598
550.61218	4474.52
551.35608	4469.56
552.10004	4478.6802
552.84387	4484.56
553.58765	4480.2402
554.33136	4475.7598
555.07501	4489.2798
555.8186	4476.96
556.56213	4461.7202
557.30554	4483.8799
558.04889	4493.6001
558.79224	4488.6001
559.53552	4486.4399
560.27869	4491.6001
561.02185	4473.2402
561.76483	4481.8398
562.50781	4484.9912
563.25073	4498.9556
563.99359	4503.2998
564.73645	4511.1601
565.47912	4505.5976
566.22174	4530.04
566.96435	4524.4399
567.70691	4538.2798
568.44934	4521.6401
569.19171	4528.8398
569.93402	4513.3999
570.67633	4518
571.41846	4514.8398
572.16058	4512.52
572.90265	4510.1201
573.64465	4491.4399
574.3866	4512.2002
575.12842	4478.2402
575.87024	4500.1201
576.61194	4501.7598
577.35364	4491.4399
578.09521	4501.1201
578.83673	4494.2402
579.57825	4509
580.31958	4510.6401
581.06091	4496.4399
581.80218	4500.8398
582.54339	4494.3198
583.28454	4515.6001
584.02557	4501.1601
584.7666	4500.2002
585.50757	4514.7202
586.24841	4514.4399
586.9892	4521.8799
587.72998	4505.48
588.47058	4499.2402
589.21124	4514.3599
589.95172	4521.6802
590.69226	4511.2798
591.43262	4524.3198
592.17297	4505.8799
592.91327	4517.2002
593.6535	4500.4399
594.39361	4506.6001
595.13367	4524.48
595.87372	4512.6001
596.61365	4524.0801
597.35351	4519.48
598.09338	4509.9199
598.83307	4529.7202
599.57275	4519.2002
600.31238	4521.04
601.05194	4517.7998
601.79138	4512
602.53082	4521.48
603.2702	4518.7998
604.00952	4502.04
604.74866	4499.1601
605.48785	4511.48
606.22699	4518.7998
606.96594	4527.04
607.70496	4518.7202
608.44379	4504.6401
609.18262	4516.1601
609.92139	4503.8799
610.66009	4500.8398
611.39874	4513.9199
612.13727	4504.0801
612.87573	4503.7998
613.6142	4501.3999
614.3526	4521.7998
615.09088	4523.3999
615.8291	4519.6401
616.56732	4517.8799
617.30536	4511.7202
618.04346	4529.3999
618.78137	4527.6001
619.51929	4509.04
620.25714	4521.52
620.99487	4524.7598
621.7326	4529.3198
622.47027	4539.96
623.20782	4529.8799
623.94537	4511.2402
624.6828	4540.6401
625.42017	4523.4399
626.15747	4520.9199
626.89471	4520.4399
627.6319	4501.8799
628.36902	4530.3198
629.10602	4507.6001
629.84302	4504.6001
630.57996	4526.6802
631.31677	4499.1601
632.05365	4525.0801
632.79034	4511
633.52698	4509.8398
634.26361	4500.52
635.00012	4527.56
635.73657	4518.04
636.47302	4523.56
637.20929	4526.52
637.94556	4511.6001
638.68176	4518.1201
639.41785	4521.48
640.15399	4524.8799
640.88995	4541.2002
641.62585	4527.3599
642.36182	4525.2002
643.09759	4539.7202
643.83331	4542.6001
644.56897	4549.4399
645.30456	4544.8799
646.0401	4537
646.77563	4547.6401
647.51105	4556.3198
648.24634	4542.56
648.98163	4560.1601
649.71686	4548.6802
650.45203	4563.7998
651.18713	4557.1201
651.92212	4556.56
652.6571	4550.56
653.39203	4552.1601
654.12677	4547.6001
654.86157	4560.04
655.59619	4560.7598
656.33087	4559.9199
657.06543	4572.56
657.79993	4570.56
658.53436	4566.6802
659.26874	4574.7998
660.00299	4569.3599
660.7373	4580.7202
661.47143	4586
662.20557	4573.8398
662.93964	4579.2402
663.67352	4582.56
664.40747	4587.2402
665.1413	4597.1601
665.87506	4590.4399
666.60882	4594.3198
667.34247	4596.56
668.07605	4580.9199
668.80957	4597.1201
669.54303	4596.48
670.27637	4594.3198
671.00976	4612.96
671.74298	4580.2402
672.47613	4605.6001
673.20929	4605.3599
673.94232	4594.2402
674.67535	4599.2798
675.40832	4597.8799
676.14111	4612.6802
676.8739	4603.6001
677.60669	4601.04
678.33935	4608
679.07196	4606.7598
679.8045	4637.48
680.53693	4615.6401
681.26935	4627.3198
682.00171	4623.52
682.73401	4624.7998
683.46625	4633.52
684.19836	4621.7598
684.93048	4640.52
685.66247	4613.52
686.39441	4627.52
687.12628	4637.7998
687.85815	4627.6001
688.58984	4632.2002
689.32159	4632.7998
690.05322	4631.04
690.78479	4646.6401
691.5163	4641.8799
692.24768	4649.2002
692.97906	4636.0801
693.71039	4654.48
694.44159	4660.56
695.17279	4647.6802
695.90393	4655.1201
696.63495	4652.48
697.3659	4659.6802
698.09686	4660.8398
698.82764	4661.8799
699.55847	4668.8398
700.28912	4651.6401
701.01984	4681.3599
701.75043	4671.48
702.48096	4678.48
703.21142	4660.48
703.94183	4663.1601
704.67212	4669.2402
705.40234	4683.7598
706.13263	4673.3599
706.86273	4676.96
707.59277	4686.6001
708.32281	4699.0801
709.05267	4700.1601
709.78265	4688.52
710.51239	4707.2002
711.24213	4699.6802
711.9718	4692.2002
712.70148	4695.7998
713.43103	4683.6802
714.16046	4715.8799
714.88989	4702.2002
715.61926	4693.6802
716.34857	4698.7998
717.07782	4721.1601
717.80694	4703.56
718.53601	4711.6001
719.26507	4717.0801
719.99402	4700.2402
720.7229	4716.2402
721.45178	4703.7202
722.18054	4706
722.90924	4726.6802
723.63788	4707.56
724.36652	4695.6401
725.09497	4707.8398
725.82342	4696.04
726.55188	4711.0801
727.28009	4692.48
728.00842	4697.6001
728.73657	4704.7998
729.46472	4708.3599
730.19275	4697.7598
730.92078	4681.3599
731.64874	4682.7998
732.37659	4685.8398
733.10437	4706.6401
733.83209	4702.56
734.55981	4690.96
735.28735	4685.2002
736.01495	4683.6802
736.74243	4692.1201
737.46979	4673.0801
738.1972	4671.7202
738.92444	4666.7598
739.65167	4676.7202
740.37884	4668.4399
741.10596	4677
741.83295	4671.3999
742.55994	4663.4399
743.2868	4669.96
744.01361	4664.56
744.74042	4656.1201
745.4671	4653.8799
746.19379	4666.7998
746.92029	4665.6802
747.64685	4682.3198
748.37329	4682.3599
749.09967	4672.6001
749.82599	4668.8398
750.55225	4675.2002
751.27838	4675.8398
752.00458	4672.1601
752.73065	4682.7998
753.4566	4671.6401
754.18256	4669.3599
754.90839	4666.0801
755.63415	4679.3198
756.35992	4680.2798
757.08557	4668.6001
757.81122	4670.2402
758.5368	4671.3999
759.26221	4684.3198
759.98767	4680.48
760.71301	4670.8398
761.43829	4681.3599
762.16351	4676.7202
762.88873	4682.96
763.61377	4690.1601
764.33881	4690.52
765.06372	4667.4399
765.7887	4700.7998
766.51349	4705
767.23828	4687.1601
767.96295	4677.6001
768.68762	4697.3599
769.41217	4691.2002
770.13672	4715.2402
770.86114	4703.9199
771.58557	4697.6001
772.30987	4705.7202
773.03412	4711.2002
773.7583	4715.4399
774.48248	4713.7598
775.20648	4706.04
775.93048	4722.6401
776.65448	4726.6001
777.37829	4710.56
778.10211	4721.96
778.82587	4713.48
779.54956	4727.4399
780.27319	4715.3599
780.9967	4712.8799
781.72015	4726.3999
782.44366	4731.6802
783.16699	4733.2002
783.89026	4738.6001
784.61346	4739.1601
785.33667	4740.3599
786.05975	4736.56
786.78277	4745.3999
787.5058	4749.7202
788.2287	4761.56
788.95154	4765.3599
789.67432	4754.2402
790.39703	4743.6001
791.11969	4764.1601
791.84228	4745.2798
792.56476	4754.6001
793.28723	4756.8398
794.00964	4761.2798
794.73199	4777.2402
795.45422	4757.0801
796.17645	4764.6802
796.89862	4767.2002
797.62067	4757.4399
798.34265	4760.4399
799.06464	4770.3599
799.7865	4767.3999
800.5083	4773.2002
801.23004	4768.52
801.95178	4761.6401
802.6734	4775.1601
803.39496	4791.2002
804.11645	4767.8799
804.83789	4774.3198
805.55926	4772.56
806.28058	4767.8398
807.00183	4787.3999
807.72296	4808.56
808.44409	4771.3999
809.16516	4785.6001
809.88611	4793.2002
810.60705	4781.96
811.32794	4796.2402
812.04871	4787.6001
812.76947	4790.6401
813.49011	4808.8799
814.21075	4808.2402
814.93127	4799.6001
815.65173	4802.3999
816.37213	4819.3999
817.09253	4813.56
817.8128	4821.1601
818.53302	4802.7202
819.25311	4807.56
819.97327	4801.8799
820.6933	4790.56
821.41321	4816.8799
822.13318	4794.9199
822.85303	4797.75
823.57275	4802.7998
824.29248	4813.8799
825.01214	4806.0801
825.73169	4808.48
826.45123	4817.3599
827.17065	4819.6001
827.89007	4822.3198
828.60944	4816.6401
829.32867	4827.52
830.04785	4828
830.76697	4823.4399
831.48608	4834.56
832.20508	4833.8398
832.92401	4844.7998
833.64288	4851.7998
834.36175	4838.7998
835.0805	4853.1201
835.79913	4846.7998
836.51782	4853.0801
837.23633	4837.52
837.95483	4857.1601
838.67328	4860.7598
839.39166	4845.04
840.10998	4851.8398
840.82819	4871.3198
841.54639	4853.3999
842.26453	4857.96
842.98254	4856.1601
843.70056	4856.96
844.41846	4866.9199
845.13635	4861.3599
845.85412	4871
846.5719	4861.2002
847.28955	4852.2002
848.00714	4856.7202
848.72473	4852.8799
849.4422	4845.1201
850.15961	4838.0801
850.87695	4838.8799
851.59424	4849.8398
852.31146	4828.7202
853.02862	4824.3999
853.74573	4826.4399
854.46277	4830.4399
855.17975	4829.3999
855.89667	4828.7998
856.61346	4821.4399
857.33032	4834.48
858.047	4834.96
858.76367	4824.7202
859.48028	4833.04
860.19678	4837.7998
860.91327	4828
861.62964	4828.6802
862.34601	4850.3999
863.06225	4824.2798
863.77844	4848.2402
864.49463	4839.2402
865.21069	4831.8799
865.9267	4831.7202
866.6427	4860.2002
867.35858	4837.2002
868.0744	4836.3198
868.79016	4827.96
869.50586	4830.2002
870.2215	4824.3999
870.93707	4848.4399
871.65259	4856.9199
872.36804	4853.1201
873.08343	4853.6401
873.79877	4829.8799
874.51404	4837.7598
875.22925	4827.0801
875.94433	4833.1601
876.65942	4829.8398
877.37445	4832.56
878.08935	4841.1201
878.80426	4844.7202
879.5191	4832.2798
880.23382	4839.96
880.94855	4841.56
881.66315	4830.3999
882.37775	4835.7598
883.09222	4836.8398
883.80664	4846.3198
884.521	4830.3198
885.23535	4847.4399
885.94958	4834.3198
886.66376	4839
887.37787	4833.3198
888.09198	4845.8398
888.80597	4836.1601
889.5199	4834.48
890.23376	4830.4399
890.94757	4841.7202
891.66131	4834.48
892.375	4841.2798
893.08856	4836.8799
893.80212	4827.6802
894.51562	4828.56
895.22906	4829.4399
895.94244	4830.4399
896.6557	4831.2002
897.36896	4828.1601
898.08215	4830.1201
898.79523	4826.0801
899.5083	4833.96
900.22131	4812.2402
900.9342	4818.6001
901.64703	4821.7598
902.35986	4811.3999
903.07257	4823.0801
903.78528	4813.56
904.49786	4826.6401
905.21039	4837.2402
905.92291	4816.6401
906.63531	4830.3599
907.34766	4834.9199
908.05994	4804.52
908.77215	4821.6401
909.48431	4816.0801
910.19641	4824.8799
910.90851	4828.1601
911.62048	4825.9199
912.33234	4828.04
913.04419	4834.52
913.75604	4832.2402
914.46771	4820.96
915.17938	4836.56
915.89099	4842.9199
916.60254	4837.7202
917.31396	4832.6001
918.02539	4849.1201
918.73675	4835.52
919.448	4838.96
920.15924	4822.2798
920.87042	4833.96
921.58148	4822.7598
922.29254	4812.7314
923.00348	4835.2402
923.71442	4807.7202
924.42523	4822.6802
925.13605	4832.1601
925.84674	4822.7998
926.55737	4822.0801
927.268	4814.8398
927.97851	4828.8398
928.68902	4834.3999
929.39941	4820
930.10974	4844.6802
930.82001	4833.9199
931.53021	4827.7998
932.24036	4814.04
932.95044	4816.2402
933.66052	4830.2798
934.37048	4831.3198
935.08038	4828.2002
935.79022	4823
936.5	4839.4399
937.20972	4822.3198
937.91931	4834.1201
938.62897	4823.4399
939.33844	4847.1601
940.04791	4837.96
940.75732	4821.7202
941.46667	4839.3599
942.1759	4835.3999
942.88513	4835.56
943.5943	4832.7202
944.30334	4835.52
945.01239	4831.1601
945.72137	4850.96
946.43024	4830.0801
947.1391	4840.96
947.84784	4840.3999
948.55658	4842.7598
949.2652	4841.52
949.97381	4845.0801
950.68231	4826.6802
951.39081	4848.7998
952.09918	4822.7598
952.80749	4843.6802
953.51581	4833.6001
954.224	4852.3599
954.93213	4837.6001
955.6402	4843.0801
956.3482	4831.2402
957.05621	4853.04
957.76404	4842.7202
958.47192	4851.2798
959.17969	4844.8799
959.88739	4850.8398
960.59503	4855.48
961.30261	4853.3999
962.01013	4855.52
962.71759	4849.1201
963.42499	4871.6802
964.13232	4891.6802
964.8396	4861.52
965.54681	4880.0801
966.25397	4865.9199
966.961	4890.3599
967.66803	4887
968.375	4893.0801
969.08191	4880.0801
969.7887	4892.04
970.49548	4895.4399
971.20221	4904.7998
971.90887	4883.56
972.61542	4891.56
973.32196	4885.2798
974.02844	4880.8799
974.7348	4883.8799
975.44116	4871.6001
976.1474	4876.3999
976.85364	4878.1601
977.55975	4878.7998
978.26587	4862.6001
978.97186	4872.7202
979.67786	4880.9199
980.38373	4867.9199
981.08954	4865.2002
981.79535	4873.2002
982.50104	4859.6401
983.20666	4885.7598
983.91229	4860.2798
984.6178	4844.7998
985.32324	4851.48
986.02869	4852.04
986.73401	4869.2402
987.43927	4854.48
988.14447	4846.56
988.84961	4862.8799
989.55469	4873.48
990.25976	4862.7598
990.96466	4866.2798
991.66962	4885.2002
992.37445	4874.1201
993.07922	4868.1201
993.78393	4891.3999
994.48859	4890.8398
995.19318	4884.8799
995.8977	4899.7998
996.60217	4905.48
997.30658	4918.04
998.01086	4942.2402
998.71515	4957.1201
999.41937	4968.96
1000.1235	4955.2798
1000.8276	4962.3599
1001.5317	4968.2402
1002.2356	4982.7598
1002.9395	4966.3599
1003.6434	4979.9199
1004.3472	4975.6802
1005.0508	4968.4399
1005.7545	4954.6401
1006.4581	4939
1007.1617	4917.8398
1007.8651	4917.4399
1008.5685	4906.48
1009.2718	4895.2002
1009.9751	4917.9199
1010.6783	4905
1011.3815	4910.2002
1012.0846	4909.8799
1012.7876	4905.52
1013.4906	4906.6802
1014.1935	4892
1014.8964	4902.8799
1015.5992	4929
1016.3019	4893.2402
1017.0046	4921.0801
1017.7071	4918.56
1018.4097	4907.1601
1019.1122	4905.7202
1019.8146	4891.56
1020.517	4916.9199
1021.2192	4906.2002
1021.9214	4919.1201
1022.6236	4907.0801
1023.3257	4913.3599
1024.0278	4921.9199
1024.7297	4907.6001
1025.4316	4926.2402
1026.1335	4921.04
1026.8353	4921.9199
1027.5371	4935.2002
1028.2388	4908.7998
1028.9403	4924.0801
1029.6418	4923.6001
1030.3434	4918.7598
1031.0448	4928.7598
1031.7461	4924.2798
1032.4475	4921.1201
1033.1487	4918.7202
1033.8498	4926.56
1034.551	4901.6802
1035.2521	4915.3599
1035.953	4916.3599
1036.6539	4903.3999
1037.3548	4924.6802
1038.0557	4922.2002
1038.7563	4916.2798
1039.457	4919.8398
1040.1577	4911.96
1040.8583	4915.2002
1041.5587	4930.96
1042.2591	4918.3198
1042.9595	4935.2798
1043.6598	4919.3599
1044.3601	4917.7598
1045.0603	4922.3999
1045.7604	4933.3198
1046.4604	4939.3599
1047.1605	4931.8799
1047.8603	4919.2798
1048.5603	4926.96
1049.2601	4925.6401
1049.9598	4928.52
1050.6595	4954.6001
1051.3591	4941.7202
1052.0587	4950.8398
1052.7583	4958.52
1053.4578	4963.8799
1054.1571	4942.3198
1054.8564	4945.96
1055.5557	4966.6802
1056.2549	4961.7202
1056.954	4971.2002
1057.6531	4986.3599
1058.352	4974.3599
1059.051	4989.2402
1059.75	4993.6802
1060.4487	5022
1061.1476	4996.1601
1061.8462	5017.48
1062.5449	5003.04
1063.2434	5015.7598
1063.942	5020.7998
1064.6405	5021.3198
1065.3389	5018.4399
1066.0372	5017.8398
1066.7355	5023.3999
1067.4337	5024.9199
1068.1318	5026.2002
1068.8299	5008.1201
1069.5279	5025.8799
1070.2259	5024.7202
1070.9238	5031.3999
1071.6217	5038.48
1072.3194	5033.2002
1073.0172	5036.2402
1073.7148	5039.56
1074.4125	5046.52
1075.11	5061.52
1075.8074	5059.52
1076.5049	5055.56
1077.2021	5060.6001
1077.8995	5064.96
1078.5967	5064.56
1079.2938	5076.1601
1079.991	5086.8799
1080.688	5081.2402
1081.385	5085
1082.0819	5069.8398
1082.7788	5089.8398
1083.4756	5078.3198
1084.1724	5072.04
1084.869	5080.52
1085.5657	5084.3999
1086.2622	5091.52
1086.9586	5088.52
1087.6551	5099.7598
1088.3514	5087.2002
1089.0477	5077.6001
1089.744	5084.6001
1090.4402	5097.8398
1091.1363	5065.3999
1091.8324	5096.6401
1092.5284	5091.0801
1093.2244	5090.1601
1093.9202	5079.2002
1094.6161	5080.48
1095.3118	5084.0801
1096.0074	5062.96
1096.7031	5071
1097.3987	5057.3599
1098.0942	5059.3198
1098.7897	5070.6401
1099.4851	5079.04
1100.1804	5050
1100.8756	5053.3999
1101.5708	5055.3999
1102.266	5058.7998
1102.961	5067.7598
1103.6561	5058.52
1104.3511	5071.52
1105.0459	5086.1201
1105.7408	5054.96
1106.4355	5060.1201
1107.1302	5075.2402
1107.8249	5074.2402
1108.5195	5069.7202
1109.214	5077.2002
1109.9086	5079.8398
1110.6029	5083.7998
1111.2972	5071.2402
1111.9916	5077.8799
1112.6858	5100.4399
1113.38	5078.2002
1114.0741	5080
1114.7681	5076.6001
1115.462	5093.56
1116.156	5117.6401
1116.8498	5107.52
1117.5437	5094.96
1118.2374	5110
1118.931	5109.7202
1119.6246	5101.2002
1120.3182	5114.1601
1121.0117	5116.6001
1121.7052	5119.7202
1122.3985	5108.96
1123.0918	5114.8799
1123.785	5126.4399
1124.4783	5135.7998
1125.1714	5113.7202
1125.8645	5115.7598
1126.5575	5111.2002
1127.2504	5122.48
1127.9432	5107.1201
1128.6361	5123.2798
1129.3288	5108.9199
1130.0216	5126.8398
1130.7142	5118.8799
1131.4067	5111.2402
1132.0992	5118.8398
1132.7917	5118.2798
1133.4841	5129.4399
1134.1765	5138.7598
1134.8688	5129.0801
1135.5609	5126.56
1136.253	5128.56
1136.9452	5139.56
1137.6372	5145.2402
1138.3292	5143.96
1139.0211	5150.1601
1139.7129	5156.2002
1140.4047	5152.48
1141.0964	5162.2402
1141.7881	5165
1142.4797	5164.56
1143.1713	5158
1143.8627	5170.6001
1144.5542	5174.48
1145.2455	5193.2002
1145.9368	5174.0801
1146.628	5191.7202
1147.3192	5176.8398
1148.0104	5180.8799
1148.7014	5194
1149.3923	5180.56
1150.0832	5195.9199
1150.7742	5209.2798
1151.465	5219.3198
1152.1558	5230.9199
1152.8464	5220.3599
1153.5371	5233.3198
1154.2277	5238.3599
1154.9181	5217.7598
1155.6085	5224.1601
1156.2989	5248.9199
1156.9892	5235.7598
1157.6796	5237.3599
1158.3697	5259.6802
1159.0599	5239.8398
1159.75	5253.8799
1160.4399	5240.52
1161.13	5231.3999
1161.8198	5243.2402
1162.5096	5260.9199
1163.1995	5250.7202
1163.8892	5270.56
1164.5788	5267.8398
1165.2684	5273.9199
1165.958	5267
1166.6475	5255.3198
1167.3369	5259.96
1168.0262	5260.56
1168.7154	5257.1601
1169.4048	5274.6001
1170.0939	5274.04
1170.7831	5272
1171.472	5297.3198
1172.161	5283.7598
1172.85	5292.8398
1173.5388	5298.4399
1174.2277	5294.6401
1174.9164	5283.6001
1175.6051	5298.6802
1176.2937	5299.2798
1176.9823	5293.8398
1177.6708	5310.6001
1178.3592	5312.0801
1179.0476	5315.7998
1179.736	5306.6401
1180.4242	5283.0801
1181.1124	5303.7202
1181.8005	5310.52
1182.4886	5328.3599
1183.1766	5329.6401
1183.8646	5331.8398
1184.5525	5342.1601
1185.2403	5338.56
1185.9281	5318.8398
1186.6158	5334.2798
1187.3035	5339.6001
1187.9911	5343
1188.6787	5349.9199
1189.3661	5353.8799
1190.0536	5353.04
1190.7408	5358.52
1191.4282	5363.48
1192.1155	5364.3198
1192.8026	5373.9199
1193.4897	5369.48
1194.1767	5372.6802
1194.8638	5365.52
1195.5506	5378.52
1196.2375	5363.1201
1196.9244	5373.96
1197.6111	5397.52
1198.2978	5383.7598
1198.9845	5396.3599
1199.671	5416.56
1200.3575	5401.3198
1201.0439	5415.6802
1201.7303	5406.52
1202.4167	5402.3599
1203.103	5416.2002
1203.7892	5426.3198
1204.4753	5430.8799
1205.1614	5429.7202
1205.8474	5413.1601
1206.5334	5433.4399
1207.2194	5431.8799
1207.9051	5440.2402
1208.5909	5441.6401
1209.2766	5432.8799
1209.9623	5433.6401
1210.6479	5456.6001
1211.3335	5453.2402
1212.0189	5463.04
1212.7043	5475.1601
1213.3898	5471.0801
1214.0751	5460
1214.7602	5470.96
1215.4454	5472.52
1216.1306	5474.8398
1216.8157	5481.2798
1217.5007	5462.52
1218.1857	5493.48
1218.8705	5491.2402
1219.5553	5477.0801
1220.2401	5479.7998
1220.9248	5502.52
1221.6094	5494.9199
1222.2941	5485.04
1222.9785	5506.96
1223.663	5516.3599
1224.3474	5510.2002
1225.0317	5536.3999
1225.7161	5515.6802
1226.4003	5540.6401
1227.0843	5538.0801
1227.7685	5545.6001
1228.4525	5549.9199
1229.1365	5561.2798
1229.8204	5573.0801
1230.5043	5580
1231.1881	5569.7202
1231.8718	5589.96
1232.5555	5594.7598
1233.2391	5602.3198
1233.9227	5589.8398
1234.6062	5619.7202
1235.2897	5636.6802
1235.973	5624.04
1236.6564	5626.7998
1237.3396	5641.56
1238.0228	5639.1201
1238.7059	5685.6802
1239.389	5648.2798
1240.072	5676.7998
1240.755	5656.9199
1241.4379	5692.2798
1242.1207	5700.8799
1242.8035	5691.48
1243.4862	5690.9199
1244.1689	5711
1244.8514	5722.8398
1245.534	5717.4399
1246.2165	5713
1246.8989	5729.6802
1247.5813	5746.96
1248.2635	5758.1201
1248.9458	5744.1601
1249.628	5765.8799
1250.3102	5771.96
1250.9922	5792.7202
1251.6742	5798.2002
1252.3562	5836.9199
1253.0381	5813.8398
1253.7198	5826.52
1254.4016	5819.8398
1255.0832	5833.52
1255.7649	5847.52
1256.4465	5847.1601
1257.128	5857.2798
1257.8096	5865.2798
1258.491	5868.4399
1259.1722	5873.6401
1259.8535	5898.2402
1260.5348	5889.4399
1261.2159	5910.8398
1261.897	5908.8398
1262.5781	5920.96
1263.259	5921.48
1263.9399	5946.0801
1264.6208	5942.3599
1265.3016	5944.8799
1265.9824	5952.1201
1266.6631	5944.1601
1267.3437	5943.1201
1268.0243	5975.8799
1268.7048	5963.8799
1269.3852	5974.3599
1270.0655	5968.3198
1270.746	5967.3999
1271.4261	5981.4399
1272.1064	5983
1272.7865	5982.3599
1273.4667	5988.9199
1274.1467	5987.2402
1274.8267	6003.7202
1275.5066	6001.4399
1276.1864	5977.3999
1276.8662	5989.7202
1277.5459	6018.6001
1278.2256	6009
1278.9051	5998.1201
1279.5847	6019.48
1280.2643	6024.9199
1280.9437	6039.48
1281.623	6024.56
1282.3024	6044.7998
1282.9816	6049.7598
1283.6608	6035.7598
1284.34	6064.4399
1285.019	6066.2798
1285.698	6083
1286.3769	6095.6401
1287.0559	6098.48
1287.7347	6098.1201
1288.4134	6094.52
1289.0922	6129.7598
1289.7709	6133.6802
1290.4495	6150.3999
1291.1279	6153.6802
1291.8064	6182.2798
1292.4849	6217.4399
1293.1632	6203.9199
1293.8415	6223.52
1294.5198	6262.3599
1295.198	6251.8398
1295.8761	6265.3999
1296.5541	6275.04
1297.2322	6293.6802
1297.91	6313.2798
1298.588	6323.8799
1299.2657	6356.6802
1299.9436	6348.7998
1300.6212	6385.3198
1301.2989	6367.6802
1301.9764	6369.1201
1302.654	6360.6001
1303.3314	6385.1201
1304.0089	6377.4399
1304.6863	6383.96
1305.3635	6383.2402
1306.0408	6380.96
1306.7179	6383.6001
1307.395	6363.2798
1308.072	6400.3999
1308.749	6404.1601
1309.426	6388.3999
1310.1029	6379.6001
1310.7797	6388.6802
1311.4564	6393.6401
1312.1332	6407.3198
1312.8098	6377.2798
1313.4863	6406.3198
1314.1628	6398.3599
1314.8393	6427.1201
1315.5157	6409.7998
1316.192	6411.4399
1316.8683	6403.2002
1317.5445	6417.8799
1318.2207	6439.7202
1318.8968	6448.8799
1319.5729	6437.3599
1320.2489	6432.6802
1320.9248	6441.48
1321.6006	6447.7598
1322.2765	6473.0801
1322.9521	6458.6001
1323.6279	6474.96
1324.3035	6478.3198
1324.9791	6506.2002
1325.6545	6497.6802
1326.3301	6513.6802
1327.0054	6499.0801
1327.6808	6530.56
1328.3561	6527.9199
1329.0312	6533.1601
1329.7064	6527.9199
1330.3815	6538.8799
1331.0565	6562.2002
1331.7314	6579.52
1332.4064	6571.4399
1333.0813	6570.9199
1333.7561	6586.2798
1334.4308	6580.7998
1335.1055	6607.52
1335.7801	6616.1201
1336.4547	6623.2402
1337.1291	6653.2402
1337.8036	6667.96
1338.478	6671
1339.1523	6673.96
1339.8267	6672.56
1340.5008	6681.6401
1341.1749	6695.56
1341.849	6711.96
1342.5231	6723.6001
1343.197	6740.0801
1343.871	6751.7998
1344.5448	6744.6001
1345.2186	6744.6401
1345.8923	6768.96
1346.566	6789
1347.2396	6792.4399
1347.9132	6795.7998
1348.5867	6830.52
1349.2601	6821.6802
1349.9335	6846.96
1350.6068	6857.8398
1351.2801	6847.8799
1351.9532	6861.3999
1352.6265	6857.6802
1353.2996	6896.1201
1353.9725	6897.7202
1354.6455	6902.7202
1355.3185	6909.7202
1355.9913	6921.9199
1356.6641	6943.6001
1357.3368	6915.96
1358.0095	6952.56
1358.6821	6942.7202
1359.3546	6963.2402
1360.0271	6983.2798
1360.6996	7001.04
1361.3719	7002.3999
1362.0443	7023.52
1362.7165	7035.6001
1363.3888	7046.7598
1364.0609	7064.0801
1364.733	7064
1365.405	7093.7202
1366.077	7091.2002
1366.7489	7091.9199
1367.4208	7122.8799
1368.0925	7122.96
1368.7643	7141.2402
1369.4359	7141.52
1370.1075	7172.56
1370.779	7190.48
1371.4506	7172.8398
1372.1221	7193.6802
1372.7934	7204.7998
1373.4647	7218.6001
1374.136	7225.9199
1374.8071	7255.48
1375.4783	7249.2002
1376.1494	7267.96
1376.8204	7255.3198
1377.4914	7294.8799
1378.1623	7313.56
1378.8331	7307.8398
1379.5039	7330.8398
1380.1747	7310.6401
1380.8453	7330.2402
1381.516	7344.2402
1382.1865	7367.3999
1382.857	7373.6802
1383.5275	7414.2798
1384.1979	7409.1601
1384.8682	7435.3999
1385.5384	7453
1386.2086	7433.7202
1386.8788	7483.96
1387.5488	7480.6401
1388.2189	7509.7998
1388.8888	7526.8398
1389.5587	7504.9199
1390.2286	7575.2002
1390.8984	7570.6001
1391.5681	7602.2798
1392.2378	7602.6802
1392.9075	7625.0801
1393.577	7630.1201
1394.2464	7706.04
1394.9159	7691.6001
1395.5853	7692.0801
1396.2546	7735.52
1396.9239	7731.8799
1397.5931	7768.2402
1398.2622	7777.2002
1398.9314	7775.4399
1399.6003	7821
1400.2694	7823.8799
1400.9382	7839.04
1401.6072	7841.04
1402.2759	7858.2002
1402.9447	7875.48
1403.6134	7876.96
1404.282	7899.1201
1404.9506	7928.6802
1405.619	7960.0801
1406.2875	7957.2798
1406.9558	7972.6401
1407.6241	8001.2402
1408.2925	8015.7998
1408.9607	8036.3999
1409.6288	8074.9199
1410.2969	8064.7998
1410.965	8080.52
1411.6329	8118.6001
1412.3009	8113.6001
1412.9687	8141.3999
1413.6365	8187.1201
1414.3042	8207.2402
1414.9719	8199.1601
1415.6395	8240.5195
1416.3071	8266.9199
1416.9746	8293.4004
1417.6421	8282.04
1418.3094	8322.7598
1418.9768	8349.8398
1419.644	8376.7998
1420.3114	8431.7998
1420.9785	8438.6797
1421.6456	8449.4404
1422.3126	8467.6396
1422.9796	8508.8398
1423.6465	8534
1424.3133	8591.4404
1424.9802	8618
1425.647	8661.2803
1426.3137	8662.5996
1426.9803	8713.1601
1427.6468	8768.4004
1428.3133	8808.3203
1428.9798	8889.04
1429.6462	8942.4004
1430.3126	9006.2402
1430.9789	9072.96
1431.6451	9099.1601
1432.3113	9150.8398
1432.9774	9232.5996
1433.6434	9247.5195
1434.3094	9327.3603
1434.9753	9384.7998
1435.6412	9444.04
1436.307	9497.2002
1436.9728	9527.4004
1437.6385	9568.5996
1438.3042	9596.7598
1438.9697	9648.2402
1439.6352	9696.7998
1440.3008	9720.1201
1440.9662	9750.1601
1441.6316	9770.3603
1442.2969	9810.6396
1442.962	9864.7598
1443.6272	9894.3603
1444.2923	9919.7197
1444.9574	9920.6396
1445.6224	9999.7598
1446.2873	10033.8
1446.9523	10088.88
1447.6171	10157.04
1448.2819	10202.04
1448.9465	10228.2
1449.6112	10291
1450.2759	10328.72
1450.9404	10402.64
1451.6048	10442.12
1452.2693	10479.96
1452.9336	10544.76
1453.5979	10582.24
1454.2622	10654.2
1454.9264	10690.12
1455.5904	10733.2
1456.2546	10785.04
1456.9186	10819.559
1457.5825	10829.519
1458.2464	10858.44
1458.9103	10893.64
1459.5741	10874.8
1460.2378	10894.12
1460.9015	10865.559
1461.5651	10864.12
1462.2286	10875.32
1462.8922	10847.04
1463.5555	10838.2
1464.219	10841.72
1464.8823	10841.2
1465.5455	10831.72
1466.2087	10850.68
1466.8719	10850.559
1467.535	10846.519
1468.198	10853.559
1468.861	10852.6
1469.5239	10852.68
1470.1868	10837.72
1470.8496	10871.04
1471.5123	10839.88
1472.1749	10863.2
1472.8376	10854.92
1473.5001	10853.48
1474.1627	10877.48
1474.8252	10824.32
1475.4875	10861.12
1476.1499	10841.519
1476.8121	10832.04
1477.4744	10818.68
1478.1365	10819.44
1478.7986	10817.92
1479.4607	10798.6
1480.1227	10830.32
1480.7845	10865.4
1481.4464	10903.8
1482.1083	10891.16
1482.77	10915.16
1483.4318	10912.32
1484.0934	10956.64
1484.755	10963.84
1485.4165	10979.88
1486.078	11050.92
1486.7394	11084.36
1487.4007	11109.68
1488.062	11131.72
1488.7233	11162
1489.3844	11204.88
1490.0455	11223.64
1490.7067	11278.12
1491.3677	11296.04
1492.0286	11328.6
1492.6894	11357.6
1493.3503	11393.04
1494.0111	11407.2
1494.6717	11406.04
1495.3324	11459.28
1495.993	11442.36
1496.6536	11488.6
1497.3141	11537.8
1497.9745	11593.44
1498.6349	11604.2
1499.2952	11629.16
1499.9554	11650.72
1500.6157	11728.04
1501.2757	11770.96
1501.9359	11854.64
1502.5959	11922.64
1503.2558	11998.8
1503.9158	12043.32
1504.5757	12080.559
1505.2355	12147.36
1505.8951	12197.36
1506.5548	12200.68
1507.2145	12211.44
1507.874	12213.84
1508.5336	12246.2
1509.193	12239.36
1509.8524	12259.84
1510.5117	12291.64
1511.171	12337
1511.8302	12309.28
1512.4894	12332.88
1513.1484	12329.4
1513.8075	12342.72
1514.4665	12284.48
1515.1255	12321.72
1515.7843	12295.64
1516.4431	12317.64
1517.1019	12302.88
1517.7606	12298.96
1518.4192	12306.76
1519.0777	12317
1519.7363	12328.24
1520.3948	12353.96
1521.0532	12353.08
1521.7115	12379.32
1522.3699	12383.04
1523.0282	12413.44
1523.6863	12410.44
1524.3445	12432.36
1525.0026	12470.12
1525.6605	12486.96
1526.3185	12585.36
1526.9763	12575.48
1527.6341	12618.72
1528.292	12692.6
1528.9497	12693.88
1529.6074	12721.04
1530.265	12765.88
1530.9225	12819.88
1531.5801	12889.24
1532.2374	12945.12
1532.8949	12988.28
1533.5521	13027.6
1534.2095	13053.559
1534.8667	13118.92
1535.5238	13163.8
1536.1809	13195.559
1536.8379	13196
1537.4949	13269.2
1538.1518	13343.24
1538.8087	13422.24
1539.4654	13477.4
1540.1222	13576.72
1540.7789	13597.4
1541.4355	13679.92
1542.0922	13789.519
1542.7486	13843.08
1543.4051	13888.36
1544.0615	13905.28
1544.7179	13941.44
1545.3741	13964.4
1546.0304	13945.96
1546.6866	13946.04
1547.3426	13930.88
1547.9988	13958.84
1548.6548	13942.44
1549.3107	13973
1549.9667	13921.8
1550.6224	13927.519
1551.2782	13911.88
1551.9339	13902.16
1552.5896	13922.04
1553.2452	13854.32
1553.9007	13813.44
1554.5563	13781.92
1555.2117	13757.76
1555.8671	13733.08
1556.5223	13731.68
1557.1776	13746.36
1557.8329	13746.72
1558.4879	13692.76
1559.1431	13691.36
1559.7981	13682.559
1560.4531	13680.2
1561.108	13697.36
1561.7628	13685.12
1562.4176	13622.559
1563.0724	13585.92
1563.727	13576.4
1564.3817	13544.84
1565.0362	13569.36
1565.6908	13523.6
1566.3453	13566.2
1566.9996	13525.64
1567.654	13548.28
1568.3083	13546.559
1568.9625	13514.2
1569.6167	13486.92
1570.2709	13460.559
1570.9249	13439.68
1571.579	13424.32
1572.2329	13421.519
1572.8867	13438.2
1573.5406	13487.92
1574.1943	13478
1574.8481	13459.8
1575.5018	13462.04
1576.1554	13470.6
1576.8089	13465.28
1577.4624	13455.6
1578.1158	13430.64
1578.7693	13413.96
1579.4226	13431.24
1580.0758	13411.48
1580.729	13424.84
1581.3821	13381.08
1582.0353	13361.8
1582.6883	13334.76
1583.3413	13345.96
1583.9943	13325.64
1584.6471	13312.44
1585.2998	13319.48
1585.9526	13308.519
1586.6053	13279.04
1587.2579	13272.68
1587.9105	13247.16
1588.5631	13232.32
1589.2156	13210.559
1589.8679	13174.36
1590.5203	13168.12
1591.1726	13121.88
1591.8248	13118.12
1592.4769	13130.36
1593.1291	13126.8
1593.7812	13155.16
1594.4332	13122
1595.0852	13138.76
1595.7371	13142.24
1596.3889	13124.559
1597.0406	13153.28
1597.6924	13165.68
1598.3441	13152.28
1598.9957	13150.64
1599.6472	13157.92
1600.2987	13162.76
1600.9502	13150.72
1601.6016	13203.04
1602.2529	13196
1602.9043	13189.2
1603.5554	13222.32
1604.2065	13281.64
1604.8577	13235.16
1605.5088	13240.44
1606.1597	13251.44
1606.8107	13307.32
1607.4615	13296
1608.1124	13299.8
1608.7631	13309.8
1609.4138	13355.6
1610.0644	13333.16
1610.7151	13341.12
1611.3656	13361.8
1612.0161	13369.48
1612.6665	13394.32
1613.3169	13428.36
1613.9672	13445.48
1614.6174	13440.24
1615.2677	13451.48
1615.9177	13536.6
1616.5679	13515.16
1617.2179	13517
1617.8678	13588.64
1618.5178	13586.92
1619.1676	13620
1619.8174	13692.4
1620.4672	13676.2
1621.1169	13703.16
1621.7665	13730.519
1622.4161	13775.28
1623.0655	13772.16
1623.7151	13824.08
1624.3645	13833.04
1625.0138	13893.36
1625.6631	13952.08
1626.3124	13977.8
1626.9615	14031.84
1627.6106	14108
1628.2598	14136.8
1628.9087	14155.2
1629.5576	14236.64
1630.2065	14244.48
1630.8553	14283.92
1631.5041	14328.2
1632.1528	14379.68
1632.8015	14405
1633.4502	14432.04
1634.0987	14433.28
1634.7473	14452.4
1635.3957	14433.08
1636.0441	14435.96
1636.6924	14425.08
1637.3407	14429.92
1637.9889	14418.36
1638.6371	14385.44
1639.2851	14410.8
1639.9332	14424.84
1640.5812	14411.84
1641.2291	14418.96
1641.8769	14409.32
1642.5249	14377.28
1643.1726	14404.04
1643.8203	14413.72
1644.468	14451.8
1645.1156	14446
1645.7631	14447.08
1646.4106	14477.96
1647.058	14502.96
1647.7054	14507.96
1648.3527	14508.4
1649	14480.6
1649.6472	14516.72
1650.2943	14518.28
1650.9414	14530.8
1651.5885	14571.4
1652.2353	14580.72
1652.8823	14583.32
1653.5292	14606.04
1654.176	14609.64
1654.8227	14607.76
1655.4695	14591.04
1656.1161	14581.72
1656.7627	14558.36
1657.4092	14546.96
1658.0557	14557.48
1658.7021	14494.96
1659.3484	14484.32
1659.9947	14462.519
1660.641	14476.8
1661.2872	14426.32
1661.9333	14412.519
1662.5793	14440.08
1663.2255	14423.4
1663.8713	14412.96
1664.5172	14367.68
1665.1632	14388.28
1665.8089	14374.24
1666.4547	14395
1667.1003	14380.72
1667.746	14373.96
1668.3915	14403.48
1669.0371	14391.96
1669.6826	14414.72
1670.328	14424.84
1670.9733	14441.6
1671.6185	14430.559
1672.2638	14398.4
1672.909	14411.76
1673.5541	14436.68
1674.1992	14469.64
1674.8442	14441.4
1675.4891	14485.519
1676.134	14485.16
1676.7789	14479.48
1677.4237	14593.96
1678.0683	14552.08
1678.713	14607.48
1679.3577	14600.8
1680.0022	14609.24
1680.6467	14671.76
1681.2911	14669.64
1681.9355	14695.88
1682.5799	14726.08
1683.2242	14737.44
1683.8684	14776
1684.5126	14798.16
1685.1567	14816.28
1685.8008	14807.2
1686.4448	14817.12
1687.0887	14851.92
1687.7325	14832.32
1688.3765	14860.68
1689.0203	14920.92
1689.6639	14916.8
1690.3076	14951.8
1690.9512	14971
1691.5947	14995
1692.2383	14988.84
1692.8817	15028.04
1693.525	15056.64
1694.1684	15088.519
1694.8116	15122.8
1695.4548	15116
1696.098	15155.72
1696.7411	15204.92
1697.3843	15283.68
1698.0272	15284
1698.6702	15294.44
1699.313	15300.28
1699.9558	15289.72
1700.5986	15306.32
1701.2413	15327.08
1701.884	15307.68
1702.5266	15328.28
1703.1692	15330.04
1703.8116	15368.92
1704.454	15303.88
1705.0964	15391.88
1705.7388	15404.4
1706.381	15400.559
1707.0233	15386.68
1707.6654	15353.84
1708.3075	15402.76
1708.9496	15367.6
1709.5915	15412.72
1710.2334	15349.92
1710.8754	15331.12
1711.5171	15314.32
1712.1589	15292.8
1712.8005	15301.24
1713.4423	15276.76
1714.0839	15255.2
1714.7255	15240.12
1715.3669	15254.8
1716.0083	15219.12
1716.6496	15157
1717.291	15173.24
1717.9322	15157.08
1718.5735	15134.84
1719.2146	15099
1719.8557	15124.559
1720.4967	15129.76
1721.1378	15133.519
1721.7787	15150.08
1722.4195	15166.6
1723.0604	15161.28
1723.701	15214.96
1724.3418	15161.88
1724.9824	15165.32
1725.623	15207
1726.2637	15165.12
1726.904	15183.84
1727.5445	15203.519
1728.1849	15208.12
1728.8252	15183.32
1729.4654	15231.519
1730.1057	15269.32
1730.7458	15276.36
1731.3859	15273.16
1732.026	15303.28
1732.6659	15284.48
1733.3059	15291.64
1733.9457	15319.76
1734.5856	15332.48
1735.2253	15404.8
1735.865	15339.4
1736.5046	15387.48
1737.1443	15413.96
1737.7838	15376.32
1738.4232	15412.28
1739.0627	15431.88
1739.702	15437.84
1740.3414	15490.04
1740.9807	15523.32
1741.6199	15510.6
1742.259	15533.8
1742.8981	15547.68
1743.5371	15541.92
1744.1761	15610
1744.8149	15627.04
1745.4538	15656.76
1746.0926	15714.4
1746.7314	15703.28
1747.3701	15755.36
1748.0088	15723.64
1748.6473	15747.92
1749.2859	15754.68
1749.9244	15756.32
1750.5629	15798.92
1751.2013	15830.559
1751.8396	15868.92
1752.4778	15867.6
1753.1161	15854.32
1753.7541	15877.64
1754.3922	15887.76
1755.0303	15874
1755.6682	15938.8
1756.3061	15971.96
1756.9441	15997.44
1757.5819	15995.84
1758.2197	15991.72
1758.8573	15966.48
1759.495	15946.88
1760.1326	15930.28
1760.7701	14535.72
1761.4076	15967.48
1762.045	15939.64
1762.6824	15980.76
1763.3198	16023.84
1763.957	15971.76
1764.5942	15977.88
1765.2314	15953.8
1765.8685	15965.96
1766.5055	15919.12
1767.1424	15901.6
1767.7794	15931
1768.4162	15850.32
1769.0531	15860.559
1769.6899	15846
1770.3267	15833.12
1770.9632	15818.28
1771.5998	15808.68
1772.2364	15836.8
1772.8729	15816.76
1773.5093	15808.72
1774.1457	15825.48
1774.782	15761.64
1775.4183	15752.92
1776.0546	15773.68
1776.6907	15774.68
1777.3268	15765.48
1777.9628	15795.24
1778.5987	15802.8
1779.2347	15893.04
1779.8706	15886.36
1780.5065	15924.4
1781.1422	15963.08
1781.7779	15982.32
1782.4136	16027.44
1783.0492	16065.4
1783.6847	16105.24
1784.3203	16126.68
1784.9557	16114.2
1785.5911	16173.4
1786.2264	16187.96
1786.8617	16229.8
1787.4968	16206.04
1788.1321	16192.88
1788.7672	16269.08
1789.4022	16261.12
1790.0372	16295.68
1790.6721	16273.8
1791.307	16275.28
1791.9419	16251.04
1792.5767	16204.76
1793.2114	16202.84
1793.8461	16232.36
1794.4807	16202.92
1795.1152	16220.84
1795.7497	16228.88
1796.3841	16238.8
1797.0185	16277.92
1797.6529	16309.04
1798.2872	16303.32
1798.9215	16338.519
1799.5557	16365.16
1800.1897	16388.039
1800.8237	16467.359
1801.4578	16525.32
1802.0918	16572.68
1802.7257	16637.68
1803.3595	16668.92
1803.9933	16704.68
1804.6271	16818.92
1805.2607	16862
1805.8943	16906.48
1806.5278	16885
1807.1614	16991.359
1807.7949	17016.84
1808.4282	17035.279
1809.0616	17057.199
1809.6949	17082.641
1810.3281	17070.359
1810.9613	17069.48
1811.5945	17088.039
1812.2275	17098.48
1812.8606	17096.199
1813.4935	17122.08
1814.1263	17081.16
1814.7593	17100.16
1815.3921	17101.279
1816.0248	17119
1816.6575	17135.32
1817.2902	17158.4
1817.9227	17146.439
1818.5553	17184.961
1819.1877	17234.359
1819.8201	17257.56
1820.4525	17342.801
1821.0848	17389.801
1821.717	17436.48
1822.3492	17435.961
1822.9813	17472.68
1823.6135	17542.56
1824.2455	17519.24
1824.8774	17565.721
1825.5094	17588.84
1826.1412	17671.84
1826.7731	17712.76
1827.4048	17723.6
1828.0365	17783.24
1828.6682	17845.92
1829.2998	17854.279
1829.9313	17907.359
1830.5627	17881.68
1831.1942	17891.92
1831.8256	17986.76
1832.4569	18002.4
1833.0881	18046.68
1833.7194	18101.439
1834.3506	18129.801
1834.9816	18162.119
1835.6127	18200.76
1836.2436	18314.56
1836.8746	18352.519
1837.5055	18427.119
1838.1362	18493.4
1838.7671	18552.519
1839.3978	18611.6
1840.0284	18646.16
1840.659	18651.439
1841.2897	18700.641
1841.92	18744.48
1842.5505	18773.439
1843.1809	18831.721
1843.8113	18892.4
1844.4416	18951.641
1845.0718	18961.16
1845.702	19086.92
1846.332	19088.359
1846.9621	19128.24
1847.5922	19199.4
1848.222	19249.519
1848.8519	19257.32
1849.4818	19394.519
1850.1116	19422.039
1850.7413	19424.4
1851.3711	19484.56
1852.0006	19513.6
1852.6302	19559.24
1853.2598	19616.519
1853.8892	19701.721
1854.5185	19709.359
1855.1479	19760.519
1855.7772	19823.641
1856.4065	19878.439
1857.0358	20638.32
